-0.055221054
0.049097337
-0.003692312
0.029163671
0
-0.134387191
-0.011019395
0.020562753
-0.016416237
0.027212564
0.010681009
-0.040656006
0.005517255
-0.03641859
-0.033360599
0.016093983
0.046783868
-0.036675479
0.040821995
0.009608859
-0.00273598
0.020339684
-0.001343184
-0.005390849
0.008075414
-0.036864242
0.013812374
0.017675511
0.00938974
-0.001336006
-0.012105057
-0.059948261
0.005730675
-0.001429593
0.008547061
-0.007117468
0.021202208
0.01250885
-0.01250885
0.020761991
0.004101168
0.001363327
0.047881486
0.015464226
0.016487374
0
0.012500163
0.042559614
-0.011976191
0.051654675
0.004566218
0.018059182
0.008908745
0.035932009
0.028467921
-0.003123376
0.004162337
0.05259048
0.043380296
-0.038466281
0.043172172
0
0.041385216
0.00896867
0.039392402
-0.0711411
0.036203049
0.021978907
0.063178902
0.004073325
0.070617567
-0.038614836
0.015625318
0.045462374
-0.030077455
-0.08354757
-0.038059562
-0.04857467
-0.004535155
-0.018349139
-0.100229668
0.090927275
-0.062671107
0.019705071
0.024097552
0.004750603
-0.01913934
-0.053584246
-0.031058397
0.027995607
0.03219594
-0.031173967
-0.017517192
-0.072190732
-0.016901811
-0.056089467
-0.020644328
0.012195273
0.048501522
0.005757068
0.010279931
0.005665738
-0.003395589
-0.002270149
0.035718083
0.060624622
0.026478125
0.029705154
0.052268429
0.018349139
0.018018506
-0.098440073
0.062072429
0.040821995
0.021978907
-0.00873368
0.051293294
-0.087011377
-0.004555817
-0.041964199
0.051055171
0
0.031182927
-0.044850566
-0.013857035
0.027524673
0.026787316
0.063987709
-0.008298803
0
-0.038221213
0.004319661
-0.017391743
0.017391743
-0.017391743
0.00873368
0.017241806
-0.008583744
-0.017391743
-0.013245227
-0.00445435
-0.018018506
0.013544225
0.013363228
0.00881063
0.004376375
-0.035559302
-0.046304568
-0.023981965
0.028710106
0.027908788
-0.018519048
0.003731348
0.058760688
0.043802623
-0.01268516
-0.022376149
-0.016674366
-0.036039936
0.003663008
-0.008260717
-0.012987196
-0.031297007
0.011494379
-0.022148233
-0.054527134
0.022872662
-0.010101096
0.002534856
0.0304187
-0.017839918
0.034401427
-0.027425813
0.000992556
-0.009469296
0.016389739
0.003933142
0.000980873
0.052518034
0.001858737
0.00924221
0
0.038796025
0.016674366
0.01125066
0.023810649
-0.000840689
-0.027282169
-0.013925377
-0.011458918
-0.030605449
0.038552511
-0.010610179
-0.021564178
-0.005464494
-0.050572574
0.016198544
0.030714373
0.009124151
-0.010041161
-0.009216655
-0.047402239
-0.050271844
0.010662706
-0.025576842
0.006198367
-0.021864484
0.015666117
0.018481019
0.037928698
0.004885208
-0.00195122
-0.032252858
-0.001514005
0.049271049
-0.023347364
0.003929278
0.00781254
0.031596693
-0.002831526
0
-0.025851128
0.003872222
-0.019512814
-0.023929357
0.003022672
0.011005614
-0.020101179
-0.031453998
-0.036813973
-0.012028576
-0.030153038
0.031252544
0.001098298
-0.023321435
-0.021579486
-0.042210252
-0.050348264
0.008153071
0.048165359
-0.024097552
0.024097552
0.046520016
-0.003414915
0.004550634
-0.027619707
-0.026006194
0.04622057
0.017007213
0.002806625
0.024364439
-0.026609109
0.022223137
0.010929071
0
-0.018651117
0.007722046
0.016349138
-0.04987183
0.006795043
0.01289617
-0.014025475
-0.055763575
0.011876624
-0.022083858
0.059736727
0.026368989
-0.004439519
-0.003342621
0.009994531
-0.017837708
0.016732125
0.074068464
0.006654747
0.017198198
-0.077663394
-0.028589083
-0.023132202
-0.009174376
-0.02803922
0.036071392
-0.011494379
0.077817022
-0.035932009
-0.013393057
-0.010163837
0.021337137
0.023065273
-0.012015437
0.032435276
-0.005333346
0
0.031581572
0.009283202
-0.007212808
0.007726023
-0.021785094
0.00627289
0.020119327
-0.032704706
0.044887597
0.027862499
0.025195131
0.07554235
0.00177305
0.006181035
-0.015971946
0.053125247
0.001694916
-0.011068653
-0.018143046
0.017286515
0.006831794
-0.040821995
-0.02695581
-0.016529302
-0.023420274
0.014117882
0.018519048
0.028043448
0.007996489
-0.035122926
0.026233978
-0.041008024
-0.014051753
-0.009478744
-0.010531452
-0.017476173
-0.020782539
-0.009040745
0.043442171
0.025752496
-0.00851069
-0.005714301
0.002861232
0.04105054
0.023487981
0.034228879
0.000862441
0.017094433
-0.017094433
0.01539808
-0.037185434
-0.037706442
0.006383971
0.018018506
0.025563314
0.027469538
0.02838254
0.021173429
0.005624764
-0.00643089
-0.15589952
0.035188816
-0.026742027
0.018519048
-0.019454064
0.014856355
-0.009259325
0.013857035
0.027150989
0.010657294
0.011418657
0.055215723
0.01639381
-0.025526293
0.009132484
0.011503824
0.017814236
0.016713481
-0.01430867
-0.007231852
0.017586385
0.006319136
0.049914391
-0.017378601
0
-0.056441311
0.008032172
-0.006420568
0.017558312
-0.011137744
-0.012072581
-0.012220111
-0.035032774
0.010135222
-0.025533302
-0.053109825
-0.033274789
0.046819014
-0.021759698
-0.057535905
0.038099846
-0.011278315
-0.035597794
0.052467923
0.026594873
0.022372298
0.004415018
-0.015091276
0.002679769
-0.007162072
0.039635307
-0.001728609
-0.009561133
-0.026550232
-0.012635547
-0.023898196
0.00464038
0.013793322
0.031463269
0.01754431
-0.005231049
0.018190194
0.017021688
0.066119549
-0.020750944
0.008032172
0.007174204
-0.016820581
0.008045096
-0.005624764
-0.004846536
0.015267472
0.027528282
-0.014062732
0.007056086
0.00778214
-0.012480661
0.020202707
0
0.06044361
-0.001449276
0.036315845
-0.0226318
-0.005738897
-0.046382992
0.017183837
-0.016430541
0.02160233
-0.008882368
0.018416727
0.013773324
0.004310352
-0.019544596
-0.011764842
-0.039220713
-0.031252544
0.008692271
-0.01506172
-0.000799041
-0.049989924
-0.016949558
0.012739026
0.004210533
-0.02123222
0.008547061
-0.004264399
-0.014636508
-0.020149609
-0.032376929
0.010004631
-0.004535155
-0.037041272
0.036131767
0.004539272
0.023277685
-0.035122926
0.010032004
0.066691374
-0.008525201
0.010221554
-0.012793351
-0.016443469
0.007822726
-0.021882711
-0.040637646
-0.06177736
0.000979912
0.008776263
0.024929383
0.022472856
0.004618946
-0.025199654
-0.01715962
0.026567027
0.001870908
-0.013170463
0.036266178
-0.023095715
-0.014117882
-0.003798675
-0.000951928
-0.043802623
-0.056280836
-0.005277057
0.00790518
-0.093474595
0.004026465
-0.012709588
0.034289073
0.039652772
-0.0295912
0.042466915
-0.00320342
-0.035377839
0.059679088
0.025761342
-0.045261301
0.012166244
-0.011634187
0.056862862
-0.005037794
0.044451763
0.014388737
0.004750603
-0.005703438
0.020755462
0.012987196
0.018265348
-0.001811595
-0.022926268
0.031052723
-0.0199825
0.027150989
-0.028987537
0.000918696
0.005494519
0.001824818
-0.002738477
-0.015661306
-0.011204599
-0.02664287
0.010551657
0.010441481
-0.041451717
-0.003944778
-0.057972509
0
-0.003146306
-0.042925045
0.025975486
0.020095864
0.069760465
0.015504187
-0.015504187
-0.003913899
-0.000980873
-0.013834213
0.028447235
0.028600615
-0.023776679
0.020010196
-0.007575794
-0.039753174
-0.020990276
0.020000667
0.035978601
0.009505775
-0.002842257
-0.010491274
-0.000959233
-0.031191612
0.026381598
-0.007744472
0.020202707
-0.021174997
-0.00194742
0.030712587
-0.002839567
0.028960455
0.003676475
-0.035484582
0.012281685
0.011204599
0.016574965
-0.004576667
0.018182319
0.007181359
-0.007181359
0
-0.014519311
-0.009182801
-0.012065112
-0.005617992
-0.050058574
0.01761298
-0.005836592
0.014528101
-0.012578782
0.002916871
-0.003891055
-0.010779134
-0.044317423
-0.001545994
0.014845422
0.004056801
-0.017356229
0.002057614
0.005125588
0.020243606
0.02180463
-0.019802627
0.015873349
0.011741818
0.005819609
-0.018546164
-0.014888612
-0.0010005
-0.002004009
-0.037817485
-0.016277598
-0.012250486
0.016476589
0.014132661
0.018538121
0.014184635
0.010010094
-0.025726513
-0.115231363
-0.000573559
-0.040989345
0.035812456
-0.008106588
-0.024721683
-0.051356028
-0.033166305
0.021809716
-0.011487044
0.039023202
0.046435837
-0.035386001
-0.081366335
-0.032988518
0.029671765
0.019085805
-0.038542977
0.016129382
0.019802627
0.004564729
0.019968457
-0.021270541
-0.072255517
0.022161572
0.028361118
0.005312097
-0.016021705
-0.02314603
0.021799228
0.033137558
0.008438869
-0.032186686
-0.025694449
-0.005494519
0.011639981
-0.090420859
0.001489204
-0.018776368
-0.026115155
-0.00233736
0.036005421
-0.053315059
-0.100083459
-0.016807118
0.020309749
0.046956983
0.017362983
-0.05995886
-0.001742161
0.017286515
0.011078085
-0.124372495
-0.042142444
0.04883783
-0.068040037
-0.068628506
-0.106940391
-0.052689755
-0.031252544
-0.045462374
-0.236241133
-0.021978907
0.176930708
-0.104693404
-0.04571055
-0.040967438
-0.043477031
-0.061883484
-0.1087332
-0.00451468
-0.032186686
0.054116408
0.109336664
0.152448552
0.005097717
0.031695731
-0.031695731
0.054423982
-0.041624885
-0.06498485
0.007826436
0.034137763
-0.079072858
-0.075420346
0.049893434
-0.011472401
-0.071743905
0.018829865
-0.09567521
0.025986928
0.118748753
0.026668247
0.025975486
0.060409128
-0.003454235
-0.032351626
0.025058661
-0.071136281
0.028773656
-0.035156257
0.053174762
0.024692613
0.035259514
0
-0.017987928
0.039615788
0.042216677
-0.088360576
-0.000689655
-0.0117975
-0.048266741
0.007299302
0.024426502
-0.006407996
0.004276557
0.081245617
0.078780878
0.005741064
-0.002715343
-0.012158204
-0.037387532
-0.012136847
-0.050076338
0.006734032
0.046870778
0.01493751
-0.002526849
-0.010491274
-0.107528981
-0.021583572
0.114950746
-0.058398576
0.023770219
0.0113448
-0.001328021
-0.037919235
0.004132237
0.079249372
0.031252544
0.074107972
0.067658648
-0.023505067
-0.070204259
-0.048057295
0.031796774
0.027922461
-0.044451763
0.026907453
-0.001476015
-0.025128453
0.023650257
-0.016406035
-0.01912917
0.084607099
-0.03877011
0.030283497
0.04987183
0.120781539
0.003586376
0.039083013
-0.035509454
0.047600396
-0.004545462
-0.018391323
-0.014018921
0.044860886
-0.021604024
-0.015755655
0.05387054
0.018200261
0.07087434
0.013072082
-0.0009995
0.00796817
-0.082691716
-0.057665642
0.042245638
0.01649701
0.093449167
0.045985113
0.007462721
-0.053447834
0.038466281
0.058624843
0.038399133
0
-0.022511773
-0.023030247
-0.047715473
0.010285271
0.041008024
-0.016201975
0.063290011
-0.022395424
-0.026479923
0.04631671
0.013571031
0.059682605
0.000793336
-0.004769484
0.022844633
0.086492031
-0.002861232
-0.026126305
-0.038985447
0.000764234
0.023406127
0.027963559
0.034941166
0.007678921
-0.029642255
0.005714301
-0.007147993
0.011412392
0.000708968
-0.011404258
0.005005373
0.060876331
0.027797951
-0.017116942
0.01056813
0.016938516
-0.026179506
0.039016652
0.063022705
0.041061487
-0.029156584
0.014101291
-0.046575582
-0.000611434
0.018782739
-0.091715209
-0.009253205
0.064289486
0.008679534
0.030397477
0.003586376
-0.027829987
0.017032042
-0.04818721
-0.028243212
-0.007187225
0.01367654
0.015404669
0.042400366
-0.039220713
0.002536463
-0.107544307
0.048857326
0.007360354
0.011928571
0.051359168
0.001250782
-0.027885203
0.042773816
0.018908767
0.014992785
-0.024097552
-0.012270093
0.058152433
0.007542827
0.071379232
0.030216982
-0.061930958
0.00554018
-0.027445016
-0.017760421
-0.059541394
-0.011724911
0.052595984
0.001765226
-0.033475929
0.01628013
-0.019324273
0.043549978
0.037805189
0.028264558
-0.010989122
-0.033711057
-0.040821995
0.046520016
-0.027651531
-0.001168907
-0.044239132
0.014563364
0
0.034925124
0.033746411
0
-0.010175328
-0.032335381
-0.018957914
0.004773279
0.034516442
0.000574878
-0.027973852
-0.007117468
0.074533052
0.005509656
-0.033522692
-0.017192401
0.001155402
-0.018648559
0.016336419
0.016073825
-0.037718425
-0.00296121
0.040109997
-0.020144566
0.019004315
0.019769071
0.022124796
-0.014325314
0.038644264
0.01220498
0.002107482
0.023922098
0.007168489
0.019202207
0.0010005
0.019802627
-0.009852296
-0.039379142
-0.037779939
0.047006042
0.00914176
-0.014256861
-0.028082969
0.036763136
0.026587972
-0.018991076
0.057830909
0.016997576
0.015792246
-0.018605188
0.026865905
0.003649639
-0.016529302
-0.027218949
0.017916557
0.029468062
-0.029468062
0.018519048
-0.021326724
-0.016060808
0.026317308
0.001853569
0.009216655
-0.006442728
0.021918686
-0.01639381
-0.010152371
-0.043608805
-0.036511209
0.017928767
-0.007928684
0.007928684
-0.001976285
-0.020990276
-0.012195273
0.011690095
0.033295001
-0.000977995
0.027028672
0.026317308
-0.0102565
-0.006582064
0.023311079
-0.019544596
0.024142305
-0.045995907
0.003835096
0.025509177
-0.00467509
-0.005639113
0
0.005639113
0.021326724
-0.0147877
-0.012178136
-0.017110684
-0.019361689
0.006819315
-0.029558802
-0.019692633
-0.020608663
0.009842089
0
0.030459207
-0.013591954
-0.069789655
-0.061644163
0.017192401
0.022472856
0
-0.013986242
0.018420839
0.014278112
0.003809528
0.031544984
-0.002635048
0.013106348
0.00623055