1794.65
1779.34
1826.19
1784.97
1745.47
1766.28
1732.12
1710.46
1732.58
1715.52
1704.37
1722.65
1728.37
1782.68
1754.29
1742.59
1743.05
1746.45
1744.47
1762.65
1774.26
1772.1
1772
1775.29
1712.15
1716.85
1667.59
1671.5
1647.17
1625.17
1661.73
1639.58
1676.81
1623.43
1604.34
1591.58
1553.93
1528.61
1522.52
1545.47
1497.18
1490.33
1437.08
1445.46
1474.06
1496.45
1484.08
1469.77
1413.78
1344.23
1352.57
1331.4
1377.88
1371.68
1377.3
1401.13
1390.01
1372.41
1389.05
1388
1377.55
1390.44
1371.31
1375.89
1359.42
1334.66
1317.33
1347.36
1367.18
1390.49
1421.18
1450.72
1450.76
1407.67
1477.29
1499.57
1498.95
1475.7
1466.62
1467.61
1483.16
1472.13
1441.03
1438.14
1422.71
1414.58
1392.76
1362.92
1403.7
1416.04
1433.13
1407.47
1379.64
1394.52
1400.08
1445.66
1489.34
1485.1
1494.38
1476.2
1473.42
1472.98
1455.52
1467.89
1461.81
1425.03
1440.18
1411.16
1378.83
1347.22
1318.7
1330.86
1333.87
1298.58
1283.88
1280.93
1259.51
1298.39
1303.39
1322.83
1289.98
1284.49
1277.89
1271.22
1254.32
1226.65
1193.67
1191.45
1219.06
1204.37
1176.31
1160.01
1207.84
1200.31
1228.93
1192.97
1194.59
1189.28
1137.3
1139.19
1120.5
1118.07
1155.41
1184.3
1188.32
1173.53
1179.59
1189.77
1182.44
1179.85
1164.07
1142.67
1118.64
1119.76
1102.12
1123.97
1087.12
1062.23
1074.58
1090.38
1113.75
1111.98
1133.23
1123.21
1114.12
1120.52
1130.88
1138.84
1148.85
1147.03
1169.32
1190.57
1170
1147.41
1115.41
1108.81
1113.26
1063.46
1041.2
1043.45
1067.92
1045.98
1001.71
993.44
1003.1
1015.9
1013.6
1022.62
1017.8
1011.77
990.23
1010.37
1001.02
1002.29
1047.36
1106.39
1144.99
1144.44
1131.52
1192.9
1187.37
1170.22
1157.37
1191.13
1184.24
1206.22
1208.64
1260.53
1265.8
1231.27
1236.38
1223.77
1227.36
1219.31
1210.78
1246.08
1254.05
1237.26
1287.29
1338.98
1330.03
1325.13
1329.27
1312.3
1273.15
1280.6
1272.86
1265.5
1276.21
1269.94
1258.57
1252.05
1245.8
1276.62
1280.75
1282.37
1276.2
1237.06
1224.9
1215.76
1177.74
1172.79
1178.26
1219.14
1214.22
1206.77
1195.6
1203.18
1207.07
1208.34
1217.32
1285.15
1332.58
1353.83
1343.72
1407.29
1389.49
1402.42
1372.13
1382.42
1395.54
1431.12
1416.49
1401.13
1450.52
1438.69
1451.64
1464.1
1423.58
1437.82
1413.96
1445.23
1427.72
1401.43
1371.98
1382.04
1362.59
1369.84
1379.69
1367.04
1385.44
1377.94
1371.71
1355.76
1345.52
1351.65
1338.25
1333.43
1368.7
1375.49
1374.96
1367.84
1390.01
1396.13
1387.97
1379.02
1402.43
1407.66
1378.54
1347.18
1354.93
1367.8
1367.11
1345
1324.46
1330.83
1332.62
1356.99
1322.69
1328.38
1339.27
1339.05
1319.67
1312.75
1311.9
1337.44
1328.45
1358.94
1361.47
1357.09
1335.82
1349.17
1355.53
1339.86
1331.82
1313.37
1314.98
1315.15
1304.21
1311.22
1329.27
1335.97
1321.33
1305.48
1305.05
1288.67
1297.95
1297.07
1296.44
1302.08
1308.97
1309.9
1368.1
1385.85
1374.52
1385.49
1374.29
1375.95
1376.75
1380.35
1369.31
1376.84
1369.37
1393.12
1377.88
1380.04
1380.57
1364.56
1359.8
1363.67
1364.71
1354.83
1318.23
1324.04
1315.95
1290.59
1290.13
1312.45
1282.89
1264.69
1233.96
1245.6
1216.35
1216
1193.05
1191.51
1182.17
1206.54
1206.84
1217.45
1196.97
1172.06
1169.84
1152.03
1150.78
1181.64
1148.55
1119.21
1083.46
1098.44
1061.63
1042.02
1067.53
1055.58
1058.52
1067.3
1086.81
1081.36
1065.23
1067.39
1050.96
1052.89
1054.84
1048.7
1087.88
1076.45
1081.23
1082.93
1071.11
1120.16
1118.75
1124.7
1131.99
1162.14
1132.1
1109.49
1124.03
1118.59
1067.49
1051.79
1039.21
1064.16
1071.8
1093.51
1109.72
1084.7
1068.34
1084.99
1090.26
1072.98
1072.94
1088.19
1077.79
1053.43
1074.25
1070.6
1063.69
1044.89
1039.2
1041.53
1052.97
1052.4
1039.89
1043.06
1044.24
1061.08
1087.55
1093.53
1121.46
1110.68
1113.17
1136.27
1136.1
1148.61
1148.39
1145.87
1141.8
1179.88
1181.99
1174.73
1179.39
1190.31
1169.32
1143.06
1134.97
1137.94
1141.94
1138.4
1152.16
1142.02
1149.72
1158.21
1161.81
1203
1205.36
1240.89
1227.75
1235.75
1233.68
1219
1256.03
1255.89
1231.56
1239.9
1219.66
1216.91
1193.89
1182.15
1196.41
1195.68
1200.65
1197.15
1160.25
1156.47
1153.13
1168.82
1178.66
1177.05
1175.64
1176.51
1218.49
1222.26
1224.11
1207.75
1208.45
1211.39
1242.29
1234.16
1233.65
1210.19
1192.84
1189.34
1173.55
1158.64
1172.87
1140.44
1117.55
1121.24
1125.91
1111.43
1115.87
1138.48
1113.26
1111.32
1090.35
1099.15
1109.03
1114.88
1101.58
1110.35
1109
1127.45
1119.04
1107.5
1123.02
1116.44
1105.48
1085.71
1084.59
1092.56
1099.69
1090.71
1071.41
1071.04
1069.72
1081.77
1119.82
1108.56
1102.23
1111.05
1103.9
1082.43
1104.4
1103.59
1106.03
1127.98
1123.56
1119.18
1122.38
1112.85
1111.96
1093.5
1092.19
1105.42
1127.7
1132.71
1163.26
1157.06
1159.44
1143.73
1142.48
1122.6
1123.77
1114.63
1123.12
1117.37
1127.07
1110.28
1111.07
1116.61
1112.91
1111.45
1125.1
1143.37
1146.46
1129.07
1130.56
1141.73
1144.4
1140.44
1174.53
1168.14
1161.85
1154.79
1150.64
1162.3
1168.03
1174.13
1178.76
1162.53
1175
1180.25
1192.46
1188.51
1195.18
1211.04
1210.89
1225.88
1215.75
1208.21
1211.19
1224.82
1220.16
1218.81
1227.42
1243.53
1247.98
1240.99
1231.18
1251.12
1254.48
1248.05
1252.03
1227.9
1241.53
1252.59
1276.79
1323.53
1313.11
1328.53
1338.13
1345.04
1379.12
1375.66
1360.36
1358.41
1374.44
1376.31
1357.95
1329.88
1336.69
1340.05
1378.38
1385.26
1375.55
1387.1
1382.43
1364.69
1370.58
1361.69
1398.87
1395.05
1413.48
1444.75
1438.65
1467.98
1475.92
1474.74
1470.19
1514.23
1565.76
1565.44
1600.56
1601.86
1591.02
1637.53
1712.15
1707.79
1687.97
1646.72
1602.69
1607.66
1566.95
1525.24
1540.88
1512.2
1506.13
1550.58
1542.27
1540.47
1545.95
1495.59
1507.61
1511.79
1511.37
1531.16
1518.16
1477.25
1480.11
1508.18
1526.9
1590.41
1582.8
1613.85
1636.87
1637.47
1626.58
1664.08
1687.32
1642.94
1621.53
1610.19
1568.35
1538.12
1546.55
1534.19
1512.64
1569.08
1559.42
1589.74
1582.01
1588.99
1554.61
1555.9
1579.51
1572.37
1583.4
1555.63
1554.16
1557.04
1507.36
1486.8
1457.75
1415.17
1446.28
1459.29
1428.28
1435.9
1455.43
1448.88
1504.8
1507.67
1511.65
1488.07
1484.36
1525.41
1545.84
1539.32
1553.62
1575.78
1575.33
1571.45
1555.35
1566.47
1560.06
1562.86
1579.35
1577.73
1576.27
1574.04
1616.79
1682.42
1676.27
1673.9
1667.36
1651.58
1688.32
1694.39
1660.97
1671.59
1658.25
1665.96
1670.4
1659.08
1679.5
1683.35
1677.41
1673.87
1620
1611.05
1631.99
1653.72
1636.17
1639.23
1639.52
1654.71
1705.96
1734.54
1725
1737.36
1728.89
1743.14
1747.3
1746.54
1720.47
1730.58
1710.39
1668.21
1675.26
1678.99
1730.1
1783.13
1777.87
1767.81
1761.09
1781.03
1815.32
1774.04
1780.28
1746.08
1759.52
1724.45
1747.21
1760.42
1725.35
1709.17
1707.16
1733.02
1731.9
1752.37
1752.05
1765.16
1777.91
1762.37
1761.47
1806.18
1820.78
1819.36
1808.4
1827.35
1869.68
1848.37
1858.75
1843.07
1834.05
1850.59
1842.09
1785.76
1795.53
1790.97
1791.31
1784.74
1748.64
1757
1767.6
1735.58
1722.08
1704.28
1655.88
1631.21
1646.52
1612.7
1624.51
1631.79
1646.47
1667.38
1668.54
1667.31
1665.48
1635.67
1668.9
1676.25
1688.11
1690.71
1682.45
1701.95
1693.52
1678.76
1692.38
1690.6
1670.24
1672.15
1646.65
1658.5
1650.53
1642.13
1645.04
1684.38
1680.55
1697.97
1700.96
1716.4
1727.64
1735.64
1726.83
1717.07
1701.25
1702.27
1692.8
1701.63
1709.2
1712.17
1704.46
1683.54
1668.68
1651.6
1682.66
1690.38
1697.18
1717.11
1694.81
1696.75
1697.65
1692.16
1672.16
1671.98
1675.06
1673.79
1687.04
1692.44
1704.88
1680.22
1663.57
1668.83
1643.24
1651.86
1651.93
1654.75
1675.22
1688.58
1693.84
1700.55
1702.77
1726.93
1702.79
1701.5
1719.74
1714.25
1725.18
1730.87
1734.51
1738.64
1751.06
1776.75
1781.75
1773.26
1785.15
1797.2
1800.28
1811.11
1807.79
1819.7
1812.95
1812.81
1808.69
1798.96
1781.82
1789.48
1800.15
1802.99
1807.15
1807.47
1841.66
1848.27
1853.54
1852.6
1824.11
1829.48
1779.75
1780.95
1760.22
1773.52
1761.58
1801
1793.13
1796.32
1801.43
1778.43
1785.35
1792.27
1786.56
1819.31
1848.1
1830.48
1824.85
1810.68
1795.69
1833.88
1833.29
1844.33
1819.93
1812.92
1823.77
1829.08
1828.93
1812.33
1796.53
1797.45
1822.99
1832.16
1831.11
1840.74
1860.88
1907.51
1900.1
1891.56
1904.46
1887.68
1871.35
1864.1
1872.63
1871.74
1889.08
1922.19
1924.16
1951.08
1944.02
1928.87
1909.04
1918.52
1922.01
1912.02
1947.8
1956.88
1960.57